Saved in the order: single counts from channel 0 to N-1, coincidences 01, 02,..., 0(N-1), 12, 13,...,(N-2)(N-1)

79629 122193 135873 133139 9 217 13 23 235 14
79685 122684 135811 133557 2 222 11 12 221 6
33051 105220 33365 71837 1 203 7 10 204 0
33255 105317 33244 71700 2 206 8 11 203 2
33494 105052 33161 71980 4 181 5 10 182 2
66673 117908 107274 116583 4 157 8 19 174 14
33383 105852 33671 71887 2 241 7 7 201 5
33639 105957 34039 72112 2 201 6 5 213 2
33639 105957 34039 72112 2 201 6 5 213 2
33639 105957 34039 72112 2 201 6 5 213 2
33901 105923 33834 72141 4 199 5 0 177 1
33468 106189 33715 71928 4 220 6 11 220 4
33447 105083 33349 72410 1 197 18 8 199 4
34205 106205 34533 71620 4 198 40 19 189 1
34082 106322 33988 71911 4 205 29 18 205 4
34202 105780 33926 71576 7 190 31 26 204 2
76988 126849 126762 129946 10 170 15 14 162 14
33629 105538 34740 72769 2 251 6 5 205 2
33629 105538 34740 72769 2 251 6 5 205 2
33629 105538 34740 72769 2 251 6 5 205 2
33629 105538 34740 72769 2 251 6 5 205 2
33629 105538 34740 72769 2 251 6 5 205 2
33629 105538 34740 72769 2 251 6 5 205 2
85660 129984 136459 140269 10 229 19 15 208 15
85660 129984 136459 140269 10 229 19 15 208 15
85660 129984 136459 140269 10 229 19 15 208 15
85660 129984 136459 140269 10 229 19 15 208 15
85660 129984 136459 140269 10 229 19 15 208 15
85660 129984 136459 140269 10 229 19 15 208 15
85660 129984 136459 140269 10 229 19 15 208 15
85660 129984 136459 140269 10 229 19 15 208 15
85660 129984 136459 140269 10 229 19 15 208 15
85660 129984 136459 140269 10 229 19 15 208 15
85660 129984 136459 140269 10 229 19 15 208 15
85660 129984 136459 140269 10 229 19 15 208 15
85660 129984 136459 140269 10 229 19 15 208 15
85660 129984 136459 140269 10 229 19 15 208 15
85660 129984 136459 140269 10 229 19 15 208 15
85660 129984 136459 140269 10 229 19 15 208 15
85660 129984 136459 140269 10 229 19 15 208 15
48255 112288 63354 90263 7 219 14 16 200 2
48255 112288 63354 90263 7 219 14 16 200 2
48255 112288 63354 90263 7 219 14 16 200 2
48255 112288 63354 90263 7 219 14 16 200 2
79945 125109 122462 126459 10 210 8 16 220 14
82333 123250 135874 134220 5 219 10 29 227 10
82333 123250 135874 134220 5 219 10 29 227 10
82333 123250 135874 134220 5 219 10 29 227 10
82333 123250 135874 134220 5 219 10 29 227 10
82333 123250 135874 134220 5 219 10 29 227 10
82333 123250 135874 134220 5 219 10 29 227 10
92496 133861 136118 133373 9 183 29 28 179 10
92496 133861 136118 133373 9 183 29 28 179 10
92496 133861 136118 133373 9 183 29 28 179 10
92496 133861 136118 133373 9 183 29 28 179 10
92496 133861 136118 133373 9 183 29 28 179 10
92496 133861 136118 133373 9 183 29 28 179 10
92496 133861 136118 133373 9 183 29 28 179 10
39003 107169 45540 79135 2 204 39 44 170 4
39003 107169 45540 79135 2 204 39 44 170 4
39003 107169 45540 79135 2 204 39 44 170 4
39003 107169 45540 79135 2 204 39 44 170 4
39003 107169 45540 79135 2 204 39 44 170 4
39003 107169 45540 79135 2 204 39 44 170 4
39003 107169 45540 79135 2 204 39 44 170 4
39003 107169 45540 79135 2 204 39 44 170 4
39003 107169 45540 79135 2 204 39 44 170 4
39003 107169 45540 79135 2 204 39 44 170 4
39003 107169 45540 79135 2 204 39 44 170 4
39003 107169 45540 79135 2 204 39 44 170 4
39003 107169 45540 79135 2 204 39 44 170 4
39003 107169 45540 79135 2 204 39 44 170 4
39003 107169 45540 79135 2 204 39 44 170 4
39003 107169 45540 79135 2 204 39 44 170 4
39003 107169 45540 79135 2 204 39 44 170 4
39003 107169 45540 79135 2 204 39 44 170 4
39003 107169 45540 79135 2 204 39 44 170 4
39003 107169 45540 79135 2 204 39 44 170 4
39003 107169 45540 79135 2 204 39 44 170 4
39003 107169 45540 79135 2 204 39 44 170 4
39003 107169 45540 79135 2 204 39 44 170 4
39003 107169 45540 79135 2 204 39 44 170 4
39003 107169 45540 79135 2 204 39 44 170 4
39003 107169 45540 79135 2 204 39 44 170 4
33802 105411 35025 72788 4 220 41 31 210 4
33802 105411 35025 72788 4 220 41 31 210 4
33824 104836 34646 72542 0 182 26 38 190 1
34007 104929 34651 72768 1 185 37 43 201 3
34203 104680 34546 72443 0 150 57 71 156 2
33883 105495 34630 72609 2 174 55 79 148 3
34041 105285 34476 72366 2 164 67 67 165 1
34041 105285 34476 72366 2 164 67 67 165 1
34041 105285 34476 72366 2 164 67 67 165 1
34041 105285 34476 72366 2 164 67 67 165 1
34041 105285 34476 72366 2 164 67 67 165 1
34506 104633 34396 72632 2 136 101 101 113 3
37961 105928 41651 76601 5 139 108 112 115 0
34650 103789 34142 72898 1 81 115 138 94 3
34827 104490 34573 72757 6 76 133 135 73 4
35412 103950 34921 72418 3 19 158 202 27 3
35412 103950 34921 72418 3 19 158 202 27 3
35301 104156 34487 72583 3 19 162 223 27 3
35330 103086 34388 72411 6 29 196 206 22 2
35330 103086 34388 72411 6 29 196 206 22 2
35713 103244 34348 72423 2 9 195 232 10 1
35271 103992 34519 72787 4 31 180 198 34 2
35271 103992 34519 72787 4 31 180 198 34 2
35243 104017 34454 72792 2 28 173 225 36 3
35243 104017 34454 72792 2 28 173 225 36 3
35243 104017 34454 72792 2 28 173 225 36 3
35075 105600 34674 72812 4 88 113 125 104 3
35050 105174 34844 72241 2 113 111 127 88 3
34305 105114 34348 72701 4 181 38 55 179 0
34305 105114 34348 72701 4 181 38 55 179 0
33899 105407 34607 72973 2 187 45 56 162 3
33793 106467 34405 72377 6 229 13 11 203 3
33648 106772 34509 72591 3 209 8 10 215 0
34077 106709 34207 73139 2 216 8 7 234 3
35737 104282 34467 73144 2 5 200 216 17 5
35737 104282 34467 73144 2 5 200 216 17 5
35737 104282 34467 73144 2 5 200 216 17 5
35737 104282 34467 73144 2 5 200 216 17 5
35737 104282 34467 73144 2 5 200 216 17 5
35737 104282 34467 73144 2 5 200 216 17 5
35606 104727 34506 72730 1 3 207 229 9 4
32674 101901 32887 68558 1 111 102 84 117 0
32674 101901 32887 68558 1 111 102 84 117 0
33298 101517 33131 68687 3 93 132 77 128 3
33298 101517 33131 68687 3 93 132 77 128 3
33298 101517 33131 68687 3 93 132 77 128 3
33298 101517 33131 68687 3 93 132 77 128 3
32728 101015 32793 68297 1 120 93 98 119 3
32460 102692 32944 69077 2 105 113 73 116 1
32460 102692 32944 69077 2 105 113 73 116 1
32460 102692 32944 69077 2 105 113 73 116 1
32460 102692 32944 69077 2 105 113 73 116 1
32460 102692 32944 69077 2 105 113 73 116 1
32460 102692 32944 69077 2 105 113 73 116 1
32460 102692 32944 69077 2 105 113 73 116 1
32460 102692 32944 69077 2 105 113 73 116 1
32460 102692 32944 69077 2 105 113 73 116 1
32763 101823 32901 69239 2 129 108 67 109 0
32693 101955 32899 69515 3 101 105 86 106 1
33378 102368 33189 69134 3 161 55 36 165 1
33601 102147 32951 69515 1 162 43 27 205 2
34087 103318 33215 69931 5 161 50 45 183 3
34459 103356 33352 70038 2 167 26 18 222 2
35146 102427 33576 69624 2 139 30 42 199 2
35528 103265 33553 70031 2 108 76 91 157 4
35450 103757 33349 70899 3 42 154 167 98 4
35105 103876 33220 70499 2 14 190 186 37 5
34204 104031 33153 71173 2 12 213 163 21 2
34016 104025 33361 70351 5 25 199 180 21 0
34016 104025 33361 70351 5 25 199 180 21 0
34016 104025 33361 70351 5 25 199 180 21 0
33199 104942 33108 70180 0 61 163 128 68 1
33534 104915 33544 70567 2 48 155 126 62 2
33715 104907 33114 70764 2 105 121 88 119 5
33520 105220 33323 70765 8 111 112 82 135 1
33520 105220 33323 70765 8 111 112 82 135 1
33520 105220 33323 70765 8 111 112 82 135 1
33520 105220 33323 70765 8 111 112 82 135 1
204197 641513 197086 430413 17 1094 219 127 1239 9
202886 640824 196991 432837 16 1026 211 111 1230 15
208197 627367 194315 431918 20 782 297 334 1080 10
208197 627367 194315 431918 20 782 297 334 1080 10
208197 627367 194315 431918 20 782 297 334 1080 10
208197 627367 194315 431918 20 782 297 334 1080 10
208197 627367 194315 431918 20 782 297 334 1080 10
208197 627367 194315 431918 20 782 297 334 1080 10
208197 627367 194315 431918 20 782 297 334 1080 10
208197 627367 194315 431918 20 782 297 334 1080 10
208561 630102 194976 433318 13 779 314 333 1013 11
208861 632596 193843 436100 19 236 964 1010 277 19
200883 643054 191002 435389 19 906 290 220 1001 13
34757 105070 32361 70663 1 132 23 21 222 1
35115 104576 30357 71238 6 76 102 83 122 1
34795 105283 31244 71007 5 75 97 75 114 1
34795 105283 31244 71007 5 75 97 75 114 1
34795 105283 31244 71007 5 75 97 75 114 1
34795 105283 31244 71007 5 75 97 75 114 1
34795 105283 31244 71007 5 75 97 75 114 1
34795 105283 31244 71007 5 75 97 75 114 1
34795 105283 31244 71007 5 75 97 75 114 1
34795 105283 31244 71007 5 75 97 75 114 1
34795 105283 31244 71007 5 75 97 75 114 1
34795 105283 31244 71007 5 75 97 75 114 1
34795 105283 31244 71007 5 75 97 75 114 1
34795 105283 31244 71007 5 75 97 75 114 1
34795 105283 31244 71007 5 75 97 75 114 1
34795 105283 31244 71007 5 75 97 75 114 1
34795 105283 31244 71007 5 75 97 75 114 1
34795 105283 31244 71007 5 75 97 75 114 1
34795 105283 31244 71007 5 75 97 75 114 1
34795 105283 31244 71007 5 75 97 75 114 1
34795 105283 31244 71007 5 75 97 75 114 1
34795 105283 31244 71007 5 75 97 75 114 1
34795 105283 31244 71007 5 75 97 75 114 1
34795 105283 31244 71007 5 75 97 75 114 1
34795 105283 31244 71007 5 75 97 75 114 1
42603 110798 50542 82625 1 75 136 78 125 4
42603 110798 50542 82625 1 75 136 78 125 4
42603 110798 50542 82625 1 75 136 78 125 4
42603 110798 50542 82625 1 75 136 78 125 4
42603 110798 50542 82625 1 75 136 78 125 4
42603 110798 50542 82625 1 75 136 78 125 4
42603 110798 50542 82625 1 75 136 78 125 4
42603 110798 50542 82625 1 75 136 78 125 4
33901 107366 30883 71544 6 80 129 84 100 1
33901 107366 30883 71544 6 80 129 84 100 1
33901 107366 30883 71544 6 80 129 84 100 1
33901 107366 30883 71544 6 80 129 84 100 1
34112 107602 30957 71252 2 89 130 79 91 4
34112 107602 30957 71252 2 89 130 79 91 4
34112 107602 30957 71252 2 89 130 79 91 4
34112 107602 30957 71252 2 89 130 79 91 4
34112 107602 30957 71252 2 89 130 79 91 4
33904 107209 30988 70954 3 80 133 70 99 0
33904 107209 30988 70954 3 80 133 70 99 0
33904 107209 30988 70954 3 80 133 70 99 0
33904 107209 30988 70954 3 80 133 70 99 0
33904 107209 30988 70954 3 80 133 70 99 0
33904 107209 30988 70954 3 80 133 70 99 0
34214 107517 31454 71757 4 76 138 78 103 0
33955 107268 30951 71620 1 77 122 80 120 3
33715 107771 30867 71687 2 154 6 9 197 3
33988 106954 31296 70681 1 106 124 64 129 1
33692 106707 31474 71145 3 83 113 75 134 1
34939 106475 30954 70914 5 62 147 106 99 2
34949 106351 31225 70984 0 60 152 89 106 1
34993 106654 31139 70645 4 55 175 104 95 2
34936 106117 30729 71316 2 101 110 90 101 1
34936 106117 30729 71316 2 101 110 90 101 1
34936 106117 30729 71316 2 101 110 90 101 1
34936 106117 30729 71316 2 101 110 90 101 1
34936 106117 30729 71316 2 101 110 90 101 1
34936 106117 30729 71316 2 101 110 90 101 1
34936 106117 30729 71316 2 101 110 90 101 1
34936 106117 30729 71316 2 101 110 90 101 1
34936 106117 30729 71316 2 101 110 90 101 1
34936 106117 30729 71316 2 101 110 90 101 1
34847 106054 30925 71290 2 79 115 86 110 3
65348 119890 100702 118035 3 34 163 121 49 10
65348 119890 100702 118035 3 34 163 121 49 10
65348 119890 100702 118035 3 34 163 121 49 10
34964 106949 30778 71324 2 20 178 176 27 1
33647 105184 30489 70463 2 27 190 128 34 2
34463 103297 30500 70222 4 132 21 18 208 4
33815 104421 31507 70157 6 34 152 154 29 1
34505 104853 31738 70362 1 146 22 19 213 0
34254 104079 31704 70418 4 148 16 18 205 4
33849 104808 31390 70368 0 30 176 163 30 4
33650 105187 31342 70958 0 118 68 63 143 3
34191 103942 31169 69888 3 85 86 64 141 1
33688 104672 31424 69373 1 43 178 114 49 3
33804 104477 30917 70344 3 29 173 112 46 1
33855 105644 30892 70961 2 84 94 58 144 0
34502 104228 29895 70134 2 86 80 64 139 1
33867 103646 29612 69633 3 51 123 84 78 0
79962 127478 135308 136352 9 64 133 88 103 18
79962 127478 135308 136352 9 64 133 88 103 18
33142 103441 30176 70135 2 70 103 73 125 2
33661 103893 29533 70288 4 74 107 70 122 4
33177 104400 29309 69560 5 76 86 60 119 1
33200 104097 29161 69710 6 74 101 44 106 4
33200 104097 29161 69710 6 74 101 44 106 4
33152 103959 29168 69101 3 9 188 128 36 3
33311 104021 29255 69288 4 17 198 129 31 2
35451 108627 162504 169462 2 144 20 21 209 114
35451 108627 162504 169462 2 144 20 21 209 114
35451 108627 162504 169462 2 144 20 21 209 114
35451 108627 162504 169462 2 144 20 21 209 114
35451 108627 162504 169462 2 144 20 21 209 114
35451 108627 162504 169462 2 144 20 21 209 114
35451 108627 162504 169462 2 144 20 21 209 114
35451 108627 162504 169462 2 144 20 21 209 114
32575 104327 28564 70218 0 129 4 6 197 0
32575 104327 28564 70218 0 129 4 6 197 0
32575 104327 28564 70218 0 129 4 6 197 0
32575 104327 28564 70218 0 129 4 6 197 0
33077 104552 28736 70041 2 135 17 5 200 0
33447 104626 27484 68615 1 7 214 94 19 0
33447 104626 27484 68615 1 7 214 94 19 0
33148 104816 27544 68822 2 3 167 101 15 1
33629 104714 28490 69984 2 87 90 52 122 1
33145 104895 28086 69895 5 76 94 50 134 1
33674 104924 28617 69848 2 81 87 56 126 3
33193 104190 28501 70039 5 82 68 37 160 4
33243 104071 28318 70130 1 69 100 38 127 4
33243 104071 28318 70130 1 69 100 38 127 4
33243 104071 28318 70130 1 69 100 38 127 4
33243 104071 28318 70130 1 69 100 38 127 4
33243 104071 28318 70130 1 69 100 38 127 4
33243 104071 28318 70130 1 69 100 38 127 4
33243 104071 28318 70130 1 69 100 38 127 4
33243 104071 28318 70130 1 69 100 38 127 4
33243 104071 28318 70130 1 69 100 38 127 4
33243 104071 28318 70130 1 69 100 38 127 4
33243 104071 28318 70130 1 69 100 38 127 4
33243 104071 28318 70130 1 69 100 38 127 4
33243 104071 28318 70130 1 69 100 38 127 4
33243 104071 28318 70130 1 69 100 38 127 4
33243 104071 28318 70130 1 69 100 38 127 4
33243 104071 28318 70130 1 69 100 38 127 4
33243 104071 28318 70130 1 69 100 38 127 4
33243 104071 28318 70130 1 69 100 38 127 4
33243 104071 28318 70130 1 69 100 38 127 4
33243 104071 28318 70130 1 69 100 38 127 4
33243 104071 28318 70130 1 69 100 38 127 4
33243 104071 28318 70130 1 69 100 38 127 4
33243 104071 28318 70130 1 69 100 38 127 4
33243 104071 28318 70130 1 69 100 38 127 4
33243 104071 28318 70130 1 69 100 38 127 4
33243 104071 28318 70130 1 69 100 38 127 4
33243 104071 28318 70130 1 69 100 38 127 4
33597 103951 28547 70367 1 82 104 38 121 2
34599 102961 28475 70924 1 79 88 47 172 3
34599 102961 28475 70924 1 79 88 47 172 3
34305 103119 28575 70317 2 79 91 42 149 1
34025 103845 28093 70545 3 77 95 55 139 5
34669 103981 28435 70507 5 66 114 75 107 3
34669 103981 28435 70507 5 66 114 75 107 3
40294 106552 41113 78166 2 63 79 55 148 4
40294 106552 41113 78166 2 63 79 55 148 4
40294 106552 41113 78166 2 63 79 55 148 4
40294 106552 41113 78166 2 63 79 55 148 4
40294 106552 41113 78166 2 63 79 55 148 4
40294 106552 41113 78166 2 63 79 55 148 4
40294 106552 41113 78166 2 63 79 55 148 4
34582 103127 28646 69848 2 64 92 39 134 1
34582 103127 28646 69848 2 64 92 39 134 1
34582 103127 28646 69848 2 64 92 39 134 1
34582 103127 28646 69848 2 64 92 39 134 1
34387 103426 28662 70147 3 64 81 47 127 5
70626 120303 108244 118498 9 51 165 90 111 17
70626 120303 108244 118498 9 51 165 90 111 17
70626 120303 108244 118498 9 51 165 90 111 17
70626 120303 108244 118498 9 51 165 90 111 17
70626 120303 108244 118498 9 51 165 90 111 17
70626 120303 108244 118498 9 51 165 90 111 17
70626 120303 108244 118498 9 51 165 90 111 17
70626 120303 108244 118498 9 51 165 90 111 17
70626 120303 108244 118498 9 51 165 90 111 17
70626 120303 108244 118498 9 51 165 90 111 17
70626 120303 108244 118498 9 51 165 90 111 17
34276 104041 28464 69540 1 42 126 80 93 3
34276 104041 28464 69540 1 42 126 80 93 3
34276 104041 28464 69540 1 42 126 80 93 3
34276 104041 28464 69540 1 42 126 80 93 3
34276 104041 28464 69540 1 42 126 80 93 3
34276 104041 28464 69540 1 42 126 80 93 3
34276 104041 28464 69540 1 42 126 80 93 3
34334 103799 28598 69537 1 32 135 87 90 0
34334 103799 28598 69537 1 32 135 87 90 0
63886 117995 89419 108174 4 54 98 67 120 8
63886 117995 89419 108174 4 54 98 67 120 8
63886 117995 89419 108174 4 54 98 67 120 8
63886 117995 89419 108174 4 54 98 67 120 8
63886 117995 89419 108174 4 54 98 67 120 8
63886 117995 89419 108174 4 54 98 67 120 8
63886 117995 89419 108174 4 54 98 67 120 8
63886 117995 89419 108174 4 54 98 67 120 8
63886 117995 89419 108174 4 54 98 67 120 8
63886 117995 89419 108174 4 54 98 67 120 8
34321 103829 28438 71425 3 83 66 57 132 3
34321 103829 28438 71425 3 83 66 57 132 3
34321 103829 28438 71425 3 83 66 57 132 3
34321 103829 28438 71425 3 83 66 57 132 3
34321 103829 28438 71425 3 83 66 57 132 3
34321 103829 28438 71425 3 83 66 57 132 3
34321 103829 28438 71425 3 83 66 57 132 3
34321 103829 28438 71425 3 83 66 57 132 3
34069 103312 28339 71144 3 76 76 61 129 2
34069 103312 28339 71144 3 76 76 61 129 2
34069 103312 28339 71144 3 76 76 61 129 2
33924 103603 28145 70954 3 89 70 49 130 0
34091 103541 28221 70782 1 66 74 54 129 4
34428 104055 28571 71023 4 104 36 12 219 2
34080 103841 28320 71062 2 108 33 17 174 1
34302 104114 28419 69875 2 19 201 102 27 2
34302 104114 28419 69875 2 19 201 102 27 2
34302 104114 28419 69875 2 19 201 102 27 2
34302 104114 28419 69875 2 19 201 102 27 2
34245 103849 28378 69522 4 11 193 110 27 2
34267 103099 28432 69948 3 17 175 121 21 3
34296 103894 28483 69533 0 114 18 17 206 3
34296 103894 28483 69533 0 114 18 17 206 3
34296 103894 28483 69533 0 114 18 17 206 3
34296 103894 28483 69533 0 114 18 17 206 3
34296 103894 28483 69533 0 114 18 17 206 3
34296 103894 28483 69533 0 114 18 17 206 3
34296 103894 28483 69533 0 114 18 17 206 3
34296 103894 28483 69533 0 114 18 17 206 3
34296 103894 28483 69533 0 114 18 17 206 3
34296 103894 28483 69533 0 114 18 17 206 3
34296 103894 28483 69533 0 114 18 17 206 3
34296 103894 28483 69533 0 114 18 17 206 3
34296 103894 28483 69533 0 114 18 17 206 3
34498 102928 28440 69835 3 101 17 19 215 1
34405 103708 28269 69692 1 111 24 13 197 0
17471 51307 18008 35404 1 97 3 4 79 0
17707 51379 18339 35336 1 142 4 6 90 1
34809 101812 35623 70233 4 228 8 8 221 4
33288 101518 34899 70267 3 243 5 15 220 3
32679 98249 33140 65401 1 23 220 258 27 4
67052 114893 104381 127317 14 142 24 41 219 30
67052 114893 104381 127317 14 142 24 41 219 30
67052 114893 104381 127317 14 142 24 41 219 30
33146 99529 34168 66269 2 189 22 36 220 2
32750 99325 34256 66488 1 185 18 32 206 5
33028 99577 33934 66478 1 191 15 27 198 3
32784 98834 33266 67606 3 89 98 161 117 2
32784 98834 33266 67606 3 89 98 161 117 2
32784 98834 33266 67606 3 89 98 161 117 2
32784 98834 33266 67606 3 89 98 161 117 2
32784 98834 33266 67606 3 89 98 161 117 2
32784 98834 33266 67606 3 89 98 161 117 2
33053 99380 33548 67908 5 91 96 155 84 2
33053 99380 33548 67908 5 91 96 155 84 2
33053 99380 33548 67908 5 91 96 155 84 2
33053 99380 33548 67908 5 91 96 155 84 2
33053 99380 33548 67908 5 91 96 155 84 2
33053 99380 33548 67908 5 91 96 155 84 2
33054 99991 33169 67635 2 87 121 166 96 4
61784 144667 99877 132567 16 122 116 177 134 42
61784 144667 99877 132567 16 122 116 177 134 42
61784 144667 99877 132567 16 122 116 177 134 42
33139 99963 33877 67348 3 80 95 118 108 4
33139 99963 33877 67348 3 80 95 118 108 4
33247 99958 34003 67635 3 87 117 140 142 3
33247 99958 34003 67635 3 87 117 140 142 3
33247 99958 34003 67635 3 87 117 140 142 3
33247 99958 34003 67635 3 87 117 140 142 3
33247 99958 34003 67635 3 87 117 140 142 3
33247 99958 34003 67635 3 87 117 140 142 3
33247 99958 34003 67635 3 87 117 140 142 3
33247 99958 34003 67635 3 87 117 140 142 3
33247 99958 34003 67635 3 87 117 140 142 3
33247 99958 34003 67635 3 87 117 140 142 3
33247 99958 34003 67635 3 87 117 140 142 3
33247 99958 34003 67635 3 87 117 140 142 3
33247 99958 34003 67635 3 87 117 140 142 3
33247 99958 34003 67635 3 87 117 140 142 3
33247 99958 34003 67635 3 87 117 140 142 3
33247 99958 34003 67635 3 87 117 140 142 3
33382 100500 33851 67602 0 92 96 142 112 5
33469 101077 33997 68201 3 97 103 133 107 1
33469 101077 33997 68201 3 97 103 133 107 1
32225 102658 34141 68531 2 121 100 118 117 2
32225 102658 34141 68531 2 121 100 118 117 2
32225 102658 34141 68531 2 121 100 118 117 2
32225 102658 34141 68531 2 121 100 118 117 2
32225 102658 34141 68531 2 121 100 118 117 2
32225 102658 34141 68531 2 121 100 118 117 2
32225 102658 34141 68531 2 121 100 118 117 2
32225 102658 34141 68531 2 121 100 118 117 2
31995 103039 34200 68475 3 117 94 133 99 0
31995 103039 34200 68475 3 117 94 133 99 0
31995 103039 34200 68475 3 117 94 133 99 0
31995 103039 34200 68475 3 117 94 133 99 0
31995 103039 34200 68475 3 117 94 133 99 0
31995 103039 34200 68475 3 117 94 133 99 0
31995 103039 34200 68475 3 117 94 133 99 0
31788 103092 34536 68522 2 99 111 125 115 3
31788 103092 34536 68522 2 99 111 125 115 3
58903 114527 94198 103722 5 219 18 15 181 13
32333 103694 33670 69017 3 214 11 10 199 2
32380 103899 33623 69058 1 228 6 10 218 1
32494 103982 34707 69064 1 118 121 105 129 3
32494 103982 34707 69064 1 118 121 105 129 3
32494 103982 34707 69064 1 118 121 105 129 3
32494 103982 34707 69064 1 118 121 105 129 3
32494 103982 34707 69064 1 118 121 105 129 3
32494 103982 34707 69064 1 118 121 105 129 3
32494 103982 34707 69064 1 118 121 105 129 3
32494 103982 34707 69064 1 118 121 105 129 3
32494 103982 34707 69064 1 118 121 105 129 3
32494 103982 34707 69064 1 118 121 105 129 3
32365 103571 34235 68959 2 113 112 100 116 1
32365 103571 34235 68959 2 113 112 100 116 1
32365 103571 34235 68959 2 113 112 100 116 1
32365 103571 34235 68959 2 113 112 100 116 1
32365 103571 34235 68959 2 113 112 100 116 1
32365 103571 34235 68959 2 113 112 100 116 1
32365 103571 34235 68959 2 113 112 100 116 1
32365 103571 34235 68959 2 113 112 100 116 1
32732 103736 34815 68801 1 113 101 109 100 2
35542 103891 39750 71921 2 66 121 138 99 2
35542 103891 39750 71921 2 66 121 138 99 2
35542 103891 39750 71921 2 66 121 138 99 2
35542 103891 39750 71921 2 66 121 138 99 2
35542 103891 39750 71921 2 66 121 138 99 2
35542 103891 39750 71921 2 66 121 138 99 2
35542 103891 39750 71921 2 66 121 138 99 2
35542 103891 39750 71921 2 66 121 138 99 2
35542 103891 39750 71921 2 66 121 138 99 2
35542 103891 39750 71921 2 66 121 138 99 2
35542 103891 39750 71921 2 66 121 138 99 2
35542 103891 39750 71921 2 66 121 138 99 2
35542 103891 39750 71921 2 66 121 138 99 2
35542 103891 39750 71921 2 66 121 138 99 2
33167 102708 34552 68536 3 74 136 158 110 1
33167 102708 34552 68536 3 74 136 158 110 1
33167 102708 34552 68536 3 74 136 158 110 1
33167 102708 34552 68536 3 74 136 158 110 1
33167 102708 34552 68536 3 74 136 158 110 1
33167 102708 34552 68536 3 74 136 158 110 1
33167 102708 34552 68536 3 74 136 158 110 1
33167 102708 34552 68536 3 74 136 158 110 1
32850 103246 34582 68692 3 73 125 137 99 2
32850 103246 34582 68692 3 73 125 137 99 2
32659 103090 34187 69657 1 108 114 136 94 1
33304 102872 34290 69611 3 100 92 143 97 2
33183 102585 33732 69865 2 98 111 141 98 1
33183 102585 33732 69865 2 98 111 141 98 1
33183 102585 33732 69865 2 98 111 141 98 1
33009 102917 33975 69500 3 92 99 143 103 1
33223 103091 34471 68777 3 17 171 223 29 3
33223 103091 34471 68777 3 17 171 223 29 3
33223 103091 34471 68777 3 17 171 223 29 3
33187 103165 34454 68912 2 16 188 224 38 0
33187 103165 34454 68912 2 16 188 224 38 0
33187 103165 34454 68912 2 16 188 224 38 0
33187 103165 34454 68912 2 16 188 224 38 0
33181 103156 34383 68955 3 20 195 182 24 3
46936 114231 61508 90533 3 171 20 30 205 6
46936 114231 61508 90533 3 171 20 30 205 6
46936 114231 61508 90533 3 171 20 30 205 6
46936 114231 61508 90533 3 171 20 30 205 6
46936 114231 61508 90533 3 171 20 30 205 6
46936 114231 61508 90533 3 171 20 30 205 6
46936 114231 61508 90533 3 171 20 30 205 6
46936 114231 61508 90533 3 171 20 30 205 6
46936 114231 61508 90533 3 171 20 30 205 6
46936 114231 61508 90533 3 171 20 30 205 6
46936 114231 61508 90533 3 171 20 30 205 6
46936 114231 61508 90533 3 171 20 30 205 6
46936 114231 61508 90533 3 171 20 30 205 6
46936 114231 61508 90533 3 171 20 30 205 6
46936 114231 61508 90533 3 171 20 30 205 6
46936 114231 61508 90533 3 171 20 30 205 6
33158 104206 34621 69640 2 149 31 20 202 4
33158 104206 34621 69640 2 149 31 20 202 4
33158 104206 34621 69640 2 149 31 20 202 4
33158 104206 34621 69640 2 149 31 20 202 4
33158 104206 34621 69640 2 149 31 20 202 4
33158 104206 34621 69640 2 149 31 20 202 4
33158 104206 34621 69640 2 149 31 20 202 4
33158 104206 34621 69640 2 149 31 20 202 4
33158 104206 34621 69640 2 149 31 20 202 4
33158 104206 34621 69640 2 149 31 20 202 4
33158 104206 34621 69640 2 149 31 20 202 4
33158 104206 34621 69640 2 149 31 20 202 4
33158 104206 34621 69640 2 149 31 20 202 4
33158 104206 34621 69640 2 149 31 20 202 4
33158 104206 34621 69640 2 149 31 20 202 4
33158 104206 34621 69640 2 149 31 20 202 4
33158 104206 34621 69640 2 149 31 20 202 4
33158 104206 34621 69640 2 149 31 20 202 4
33158 104206 34621 69640 2 149 31 20 202 4
33158 104206 34621 69640 2 149 31 20 202 4
33158 104206 34621 69640 2 149 31 20 202 4
33158 104206 34621 69640 2 149 31 20 202 4
33158 104206 34621 69640 2 149 31 20 202 4
33158 104206 34621 69640 2 149 31 20 202 4
33158 104206 34621 69640 2 149 31 20 202 4
33377 103798 34829 69465 2 168 32 24 206 2
33377 103798 34829 69465 2 168 32 24 206 2
33077 103461 34323 69958 4 172 28 26 188 1
33420 103955 34557 69405 4 171 31 33 202 2